991822935
991824224
991823519
991825295
991820463
991825811
991820066
991824619
991823716
991821335
991821186
991821782
991816500
991823801
991821404
991825352
991821534
991819713
991821060
991820233
991817995
991819728
991823499
991821453
991823312
991818625
991817786
991820776
991819194
991822297
991822202
991819468
991819430
991824846
991824396
991818939
991822660
991818511
991821975
991819526
991820458
991821708
991825128
991822319
988770958
988770092
988773183
988766134
988768681
988768465
988772892
988764709
988767610
988769848
988768321
988768422
988764922
988769833
988770324
988773250
988770508
988766616
988765672
988769329
988768063
988768860
988773095
988766130
988770605
988775892
988771798
988770623
988767128
988773972
988768213
988769291
988769387
988765835
988771460
988768191
988764320
988766507
988766675
988771737
988768916
988771171
988769338
988769398
988767401
988771909
988768479
988768288
988767214
988770131
988770780
988764832
988773920
988768210
988771153
988772194
988768337
