988224396
984077711
986149209
987225773
986462280
984674651
983299172
983510486
985603870
987057760
986825793
985237701
983496671
983279143
984947984
986817599
987095243
985809014
983925160
983172143
984292572
986195682
987292906
986382869
984457964
983200195
983725163
985618938
987186098
986856268
984974123
983473789
983400613
984864508
986858686
987028835
985620868
983916702
983186897
984306268
986355167
987223088
986163439
984429493
983157017
983816152
985869053
987069759
986654711
984897249
983377035
983438614
985122241
986897897
986966128
985587151
983708261
983202360
984392131
986412517
987282829
986076598
984226976
983159712
983915243
985801534
987159635
986565948
984805410
983420168
983401627
985179059
986928767
986940894
985446604
983698462
983143010
984543416
986538921
987097874
985953101
984083639
983128360
984028283
985989310
987138691
986508675
984675197
983247714
983481092
985232394
987035197
986956864
985237290
983560711
983233408
984562409
986681281
987193234
985764760
984050899
