990095857
990099040
990101464
990099923
990095630
990095273
990098383
990095762
990101805
990102145
990102218
990096606
990099571
990099119
990101408
990101168
990098523
990101786
990100713
990097764
990100766
990097282
990098865
990096926
990104241
990096388
990100255
990102147
990097535
990098614
990096161
990095362
990099390
990101219
990097956
990096129
990098375
990098803
990095942
990094521
990095771
990099115
990097640
990101331
990098858
990099187
990093920
990097495
990105694
990092084
990094684
990101289
990097977
990097596
990096964
990103325
990102132
990102411
990096595
990099035
990095341
990101433
990102129
990103753
990098629
990098475
990100162
990104045
990103859
990096364
990103556
990100184
990102470
990096443
990095390
990097327
990098615
990092025
990099360
990099542
990098332
990100211
990098618
990107386
990105127
990096919
990099752
990097200
990097945
990104379
990100264
990100090
990103215
990099582
990096848
990099066
990095835
990097082
990094777
990100853
990093280
